ID,0.0,10.0,20.0,30.0,40.0,50.0,60.0,70.0,80.0,90.0,100.0,110.0,120.0,130.0,140.0,150.0,160.0,170.0,180.0,190.0,200.0,210.0,220.0,230.0,240.0,250.0,260.0,270.0,280.0,290.0,300.0,310.0,320.0,330.0,340.0,350.0,360.0,370.0,380.0,390.0,400.0,410.0,420.0,430.0,440.0,450.0,460.0,470.0,480.0,490.0,500.0,510.0,520.0,530.0,540.0,550.0,560.0,570.0,580.0,590.0,600.0,610.0,620.0,630.0,640.0,650.0,660.0,670.0,680.0,690.0,700.0,710.0,720.0,730.0,740.0,750.0,760.0,770.0,780.0,790.0,800.0,810.0,820.0,830.0,840.0,850.0,860.0,870.0,880.0,890.0,900.0,910.0,920.0,930.0,940.0,950.0,960.0,970.0,980.0,990.0,1000.0
0.0,0.0,0.0,0.0,0.0,0.0,0.0,0.0,0.0,0.0,0.0,0.0,0.0,0.0,0.0,0.0,0.0,0.0,0.0,0.0,0.0,0.0,0.0,0.0,0.0,0.0,0.0,0.0,0.0,0.0,0.0,0.0,0.0,0.0,0.0,0.0,0.0,0.0,0.0,0.0,0.0,5992.884599999999,0.0,22069.479300000003,63050.7912,6905.5094,14837.7257,3642.6157,16247.9143,14639.595,4570.129,0.0,0.0,9028.1712,4514.093,0.0,0.0,5660.831,4483.015,3382.428,7800.364,0.0,0.0,0.0,0.0,0.0,0.0,0.0,0.0,0.0,0.0,0.0,0.0,0.0,0.0,0.0,0.0,0.0,0.0,0.0,0.0,0.0,0.0,0.0,0.0,0.0,0.0,0.0,0.0,0.0,0.0,0.0,0.0,0.0,0.0,0.0,0.0,0.0,0.0,0.0,0.0,0.0
10.0,0.0,0.0,0.0,0.0,0.0,0.0,0.0,0.0,0.0,0.0,0.0,0.0,0.0,0.0,0.0,0.0,0.0,0.0,0.0,0.0,0.0,0.0,0.0,0.0,0.0,0.0,0.0,0.0,0.0,0.0,0.0,0.0,0.0,0.0,0.0,0.0,0.0,0.0,0.0,0.0,2734.8127,0.0,6787.540800000001,58815.991599999994,8815.349999999999,60840.2023,0.0,0.0,16171.2145,4141.631,0.0,0.0,7405.4582,4215.2725,4837.1504,7833.5005,4417.9517,7954.3976,4221.866,0.0,0.0,0.0,0.0,0.0,3631.6768,0.0,0.0,0.0,0.0,0.0,0.0,0.0,0.0,0.0,0.0,0.0,0.0,0.0,0.0,0.0,0.0,0.0,0.0,0.0,0.0,0.0,0.0,0.0,0.0,0.0,0.0,0.0,0.0,0.0,0.0,0.0,0.0,0.0,0.0,0.0,0.0
20.0,0.0,0.0,0.0,0.0,0.0,0.0,0.0,0.0,0.0,0.0,0.0,0.0,0.0,0.0,0.0,0.0,0.0,0.0,0.0,0.0,0.0,0.0,0.0,0.0,0.0,0.0,0.0,0.0,0.0,0.0,0.0,0.0,0.0,0.0,0.0,0.0,0.0,0.0,0.0,0.0,3223.9534,0.0,17056.5863,53761.613,7781.5147,51996.6192,11674.139299999999,9086.564699999999,0.0,3185.2273,0.0,0.0,4069.9514,0.0,3636.0642,2919.217,9578.353,0.0,0.0,8167.3926,0.0,0.0,0.0,0.0,4160.8984,0.0,5145.648,0.0,8578.5901,4183.456,0.0,0.0,0.0,0.0,0.0,0.0,0.0,0.0,0.0,0.0,0.0,0.0,0.0,0.0,0.0,0.0,0.0,0.0,0.0,0.0,0.0,3589.9404,0.0,0.0,0.0,0.0,0.0,0.0,0.0,0.0,0.0
30.0,0.0,0.0,0.0,0.0,0.0,0.0,0.0,0.0,0.0,0.0,0.0,0.0,0.0,0.0,0.0,0.0,0.0,0.0,0.0,0.0,0.0,0.0,0.0,0.0,0.0,0.0,0.0,0.0,0.0,0.0,0.0,0.0,0.0,0.0,0.0,0.0,0.0,0.0,0.0,0.0,0.0,0.0,16304.131500000001,12270.9581,9212.3706,18905.603000000003,30342.126500000006,10211.2014,0.0,0.0,12865.8279,11836.107499999998,3797.0334,0.0,0.0,5330.4,4133.8047,11441.5391,0.0,10463.5281,0.0,0.0,0.0,0.0,0.0,0.0,0.0,0.0,4440.756,0.0,0.0,0.0,0.0,0.0,0.0,0.0,0.0,0.0,0.0,0.0,0.0,0.0,0.0,0.0,0.0,0.0,0.0,0.0,0.0,0.0,0.0,0.0,0.0,0.0,0.0,0.0,0.0,0.0,0.0,0.0,0.0
40.0,0.0,0.0,0.0,0.0,0.0,0.0,0.0,0.0,0.0,0.0,0.0,0.0,0.0,0.0,0.0,0.0,0.0,0.0,0.0,0.0,0.0,0.0,0.0,0.0,0.0,0.0,0.0,0.0,0.0,0.0,0.0,0.0,0.0,0.0,0.0,0.0,0.0,0.0,0.0,0.0,10612.8413,0.0,4613.6113,14081.1875,9697.63,7171.7905,11790.322,18216.194600000003,0.0,15878.0994,7130.9556,7918.5005,14170.171,23213.6835,17111.658000000003,4921.3506,0.0,0.0,6874.389,4951.2637,0.0,0.0,0.0,0.0,0.0,0.0,0.0,0.0,0.0,0.0,0.0,5778.0034,0.0,0.0,0.0,0.0,4095.8777,0.0,0.0,0.0,0.0,0.0,0.0,0.0,0.0,0.0,0.0,0.0,0.0,0.0,0.0,0.0,0.0,0.0,0.0,0.0,0.0,0.0,0.0,0.0,0.0
50.0,0.0,0.0,0.0,0.0,0.0,0.0,0.0,0.0,0.0,0.0,0.0,0.0,0.0,0.0,0.0,0.0,0.0,0.0,0.0,0.0,0.0,0.0,0.0,0.0,0.0,0.0,0.0,0.0,0.0,0.0,0.0,0.0,0.0,0.0,0.0,0.0,0.0,0.0,0.0,0.0,0.0,0.0,2761.0474,0.0,0.0,10919.589,9998.503,5821.3955,10790.345,17188.244,0.0,15486.075,33034.426999999996,10387.788,19087.797,36330.3135,35592.718,30548.585,17245.5496,8290.666,0.0,7399.436,0.0,8558.171,0.0,7728.616,0.0,0.0,0.0,0.0,0.0,0.0,0.0,0.0,0.0,0.0,0.0,0.0,0.0,0.0,0.0,0.0,0.0,5957.9097,11325.994,0.0,0.0,0.0,0.0,0.0,0.0,0.0,0.0,0.0,0.0,0.0,0.0,0.0,0.0,0.0,0.0
60.0,0.0,0.0,0.0,0.0,0.0,0.0,0.0,0.0,0.0,0.0,0.0,0.0,0.0,0.0,0.0,0.0,0.0,0.0,0.0,0.0,0.0,0.0,0.0,0.0,0.0,0.0,0.0,0.0,0.0,0.0,0.0,0.0,0.0,0.0,0.0,0.0,0.0,0.0,0.0,0.0,0.0,0.0,7268.001,68695.39199999999,11364.983,0.0,10041.824,0.0,0.0,39414.601500000004,59068.372,36339.494999999995,31296.951,58239.172,13176.617,31267.238,0.0,46103.562,46077.885,143460.741,0.0,66266.037,74345.174,32582.224000000002,379305.746,430671.27999999997,24418.430999999997,88150.86300000001,16935.424,58466.276,0.0,11625.607,0.0,19019.25,0.0,267337.049,0.0,0.0,0.0,0.0,41536.265,0.0,0.0,30308.635,0.0,21127.24,0.0,8566.549,0.0,0.0,0.0,0.0,0.0,0.0,0.0,0.0,0.0,9358.279,0.0,8198.833,0.0
70.0,0.0,0.0,0.0,0.0,0.0,0.0,0.0,0.0,0.0,0.0,0.0,0.0,0.0,0.0,0.0,0.0,0.0,0.0,0.0,0.0,0.0,0.0,0.0,0.0,0.0,0.0,0.0,0.0,0.0,0.0,0.0,0.0,0.0,0.0,0.0,0.0,0.0,0.0,0.0,0.0,111737.53,113531.34,0.0,0.0,0.0,32243.863,128026.91,0.0,141584.27,1576804.014,1378340.6069999998,811517.237,985172.3060000001,150065.81,1166472.43,153368.005,538880.44,813645.5499999999,1327710.61,2535837.6909999996,481223.36000000004,496679.195,1120354.899,378036.108,489160.86399999994,1052944.836,3349163.012,528924.3319999999,0.0,307012.583,0.0,183033.92,30027.186,121698.408,75441.685,208404.103,50733.21,442675.54,89352.454,0.0,0.0,0.0,54595.85,820575.61,115314.453,0.0,0.0,0.0,36912.12,31392.963,0.0,0.0,57327.187,0.0,0.0,0.0,0.0,0.0,15734.54,0.0,0.0
80.0,0.0,0.0,0.0,0.0,0.0,0.0,0.0,0.0,0.0,0.0,0.0,0.0,0.0,0.0,0.0,0.0,0.0,0.0,0.0,0.0,0.0,0.0,0.0,0.0,0.0,0.0,0.0,0.0,0.0,0.0,0.0,0.0,0.0,0.0,0.0,0.0,0.0,0.0,0.0,0.0,0.0,0.0,0.0,0.0,0.0,0.0,0.0,397560.0,202801.69,1296794.72,260595.06,0.0,449143.585,1518173.8099999998,713340.98,8299148.34,1227244.1400000001,480450.38899999997,382479.41399999993,657456.51,1081273.48,1087639.73,3394733.4799999995,2992298.2299999995,796029.52,447683.85,523799.86,493322.89,0.0,217930.0,451492.474,244178.36,214786.19,200373.83,110485.26,583286.9,0.0,85423.42,162686.51,130880.11,91018.58,0.0,80776.66,217710.8,248628.051,0.0,27402.178,27263.1,0.0,0.0,245545.20299999998,0.0,132837.787,229293.98,0.0,96068.82,0.0,0.0,0.0,0.0,0.0
90.0,0.0,0.0,0.0,0.0,0.0,0.0,0.0,0.0,0.0,0.0,0.0,0.0,0.0,0.0,0.0,0.0,0.0,0.0,0.0,0.0,0.0,0.0,0.0,0.0,0.0,0.0,0.0,0.0,0.0,0.0,0.0,0.0,0.0,0.0,0.0,0.0,0.0,0.0,0.0,0.0,0.0,0.0,0.0,7191698.5,2121370.511,0.0,451809.72,0.0,20233377.4,265602.9,2531880.2,683563.19,1429656.35,1826798.02,402900.633,1550803.864,2373040.8200000003,6813704.08,2009137.23,2162809.95,4020653.6,1754378.1600000001,116266.12,2555957.6500000004,648057.94,660295.465,1303783.1099999999,1038900.3599999999,456265.0,3095171.4799999995,0.0,166244.36,3634280.3000000003,365756.53,0.0,952306.1900000001,0.0,380820.54000000004,79458.32,1284950.2,0.0,0.0,169025.0,72820.3,382978.72000000003,0.0,0.0,0.0,0.0,0.0,65536.5,159744.34,151701.344,503089.6,94254.04,87395.125,96833.94,0.0,0.0,0.0,0.0
100.0,0.0,0.0,0.0,0.0,0.0,0.0,0.0,0.0,0.0,0.0,0.0,0.0,0.0,0.0,0.0,0.0,0.0,0.0,0.0,0.0,0.0,0.0,0.0,0.0,0.0,0.0,0.0,0.0,0.0,0.0,0.0,0.0,0.0,0.0,0.0,0.0,0.0,0.0,0.0,0.0,0.0,232285.1,1197113.8,667158.22,188153.92,0.0,0.0,248587.95,608119.3,190713.55,510799.22,0.0,738327.6,7585268.97,833194.01,5177023.72,839428.86,1970489.5999999999,2289644.8,5537614.47,19422692.0,1787068.0400000003,1318120.97,2022893.1199999999,1355088.66,1275101.54,1561628.0799999998,7874116.59,4372919.119999999,625346.47,1127794.05,734634.9199999999,2523648.03,697243.27,0.0,1410421.98,0.0,403390.17000000004,88499.89,818861.5800000001,138931.8,0.0,85150.39,0.0,0.0,362350.68,188462.385,0.0,0.0,0.0,0.0,0.0,0.0,0.0,0.0,3656291.385,100050.93,0.0,0.0,0.0,0.0
110.0,0.0,0.0,0.0,0.0,0.0,0.0,0.0,0.0,0.0,0.0,0.0,0.0,0.0,0.0,0.0,0.0,0.0,0.0,0.0,0.0,0.0,0.0,0.0,0.0,0.0,0.0,0.0,0.0,0.0,0.0,0.0,0.0,0.0,0.0,0.0,0.0,0.0,0.0,0.0,0.0,501465.4,0.0,0.0,0.0,288222.78,0.0,325483.75,0.0,685542.2,212149.88,0.0,5492582.91,349303.44,1758141.78,2009118.46,41223144.68,2777726.9299999997,3324640.32,3241579.431,0.0,1983643.4200000002,1555337.44,15781162.1,1130378.34,1305757.62,87421390.32,1853720.9300000002,3384330.2199999997,16176155.15,427975.42000000004,2266989.0,585773.06,187299.48,0.0,2044855.6300000001,0.0,0.0,427076.4,1543290.13,317793.0,0.0,0.0,0.0,110634.914,0.0,271604.293,61560.348,61834.066,0.0,0.0,404883.674,0.0,197522.22999999998,86949.87,53692.832,387522.50999999995,0.0,73970.77,0.0,0.0,0.0
120.0,0.0,0.0,0.0,0.0,0.0,0.0,0.0,0.0,0.0,0.0,0.0,0.0,0.0,0.0,0.0,0.0,0.0,0.0,0.0,0.0,0.0,0.0,0.0,0.0,0.0,0.0,0.0,0.0,0.0,0.0,0.0,0.0,0.0,0.0,0.0,0.0,0.0,0.0,0.0,0.0,0.0,0.0,0.0,322771.97,0.0,146363.17,1918587.2,0.0,207155.66,665230.42,962995.2300000001,514821.44,3548065.1,513579.55,3886526.98,588602.23,645060.05,10112514.27,1217762.6800000002,818860.6399999999,253896.19,2733394.3499999996,2776475.02,219514.38,0.0,8136916.421,1174538.8900000001,1705427.37,1395093.04,3013859.37,221499.33,562888.39,639092.716,888562.56,10106303.04,380605.72,266686.8,441712.56,0.0,87096.81,859779.486,0.0,125575.125,126271.79,52674.418,9281837.936,97796.17,88827.53,788965.5,0.0,0.0,0.0,0.0,106150.05,0.0,210929.15399999998,941859.2999999999,111503.164,0.0,0.0,0.0
130.0,0.0,0.0,0.0,0.0,0.0,0.0,0.0,0.0,0.0,0.0,0.0,0.0,0.0,0.0,0.0,0.0,0.0,0.0,0.0,0.0,0.0,0.0,0.0,0.0,0.0,0.0,0.0,0.0,0.0,0.0,0.0,0.0,0.0,0.0,0.0,0.0,0.0,0.0,0.0,0.0,0.0,71803.45,280448128.0,0.0,0.0,20340309.5,38574800.001,0.0,325529.66,520227.16,707005.06,377438.84,17158135.85,2898106.3,1225072.031,1262064.74,767645.78,613566.06,1529316.78,4177729.8599999994,1477040.84,678826.94,973319.1000000001,2146548.83,0.0,1666209.88,863628.43,3374066.58,2737361.86,3199854.38,791352.22,486830.72,2462700.7640000004,497996.31999999995,948983.3,828886.8,276940.2,1409376.5,525280.06,2025234.49,0.0,0.0,581034.1699999999,0.0,279016.53,11933334.65,1066258.17,999544.4999999999,0.0,0.0,0.0,182306.62,0.0,0.0,728608.26,0.0,984080.22,0.0,0.0,0.0,0.0
140.0,0.0,0.0,0.0,0.0,0.0,0.0,0.0,0.0,0.0,0.0,0.0,0.0,0.0,0.0,0.0,0.0,0.0,0.0,0.0,0.0,0.0,0.0,0.0,0.0,0.0,0.0,0.0,0.0,0.0,0.0,0.0,0.0,0.0,0.0,0.0,0.0,0.0,0.0,0.0,0.0,513595.44,0.0,0.0,0.001,148058.28,0.0,16883448.181,0.0,501522.94,0.0,0.0,236299.73,4486565.11,0.0,195314.921,314031.75,1072859.05,2482345.2,906018.4,719860.06,423985.25,1222866.06,1945978.17,214081.69,132215.78,22181288.97,726603.51,1618489.2,2203925.24,5335720.380000001,958123.84,514127.12,869179.5,329204.25,2460710.4,2740688.86,0.0,240107.11,543565.83,816552.26,1625477.105,0.0,842879.0599999999,572104.5800000001,146212.23,719467.23,2261293.726,1042253.0700000001,1350196.81,346335.5,129592.466,106169.29,0.0,163917.66,109137.34,430647.79000000004,69188.31,120057.71,0.0,0.0,0.0
150.0,0.0,0.0,0.0,0.0,0.0,0.0,0.0,0.0,0.0,0.0,0.0,0.0,0.0,0.0,0.0,0.0,0.0,0.0,0.0,0.0,0.0,0.0,0.0,0.0,0.0,0.0,0.0,0.0,0.0,0.0,0.0,0.0,0.0,0.0,0.0,0.0,0.0,0.0,0.0,0.0,0.0,190268.77000000002,0.0,224896.17,0.0,0.0,17137104.84,0.0,0.0,0.0,0.0,0.0,3791815.0,1407769.7599999998,0.0,1133224.78,21005933.79,671699.15,0.0,367719.8,388809.84,944615.101,2038696.52,0.0,0.0,390888.2,607359.5,2010022.1600000001,1236344.87,1324059.9100000001,0.0,1477381.79,1644555.42,4139322.7,1007184.8,298064.94,279896.78,1943917.29,830349.315,0.0,310305.87,0.0,1273780.85,227494.56,173898.98,2535723.13,0.0,145795.11,0.0,0.0,241735.07,270163.64,0.0,128791.2,202585.77,256357.57,205759.4,0.0,0.0,0.0,0.0
160.0,0.0,0.0,0.0,0.0,0.0,0.0,0.0,0.0,0.0,0.0,0.0,0.0,0.0,0.0,0.0,0.0,0.0,0.0,0.0,0.0,0.0,0.0,0.0,0.0,0.0,0.0,0.0,0.0,0.0,0.0,0.0,0.0,0.0,0.0,0.0,0.0,0.0,0.0,0.0,0.0,0.0,86382.46,0.0,344273.4,0.0,0.0,0.0,0.0,147299.84,0.0,553216.1,363021.9,0.0,3546531.95,1359704.06,0.0,1486841719.7,743548.33,3283057.62,2745529.25,0.0,1656430.84,2252700.7600000002,173745.48,213056.73,1319986.5599999998,727972.6900000001,798303.26,543525.3,2303707.84,279770.44,2243932.41,933846.77,179380.22,3144253.2199999997,1038790.04,0.0,2441357.42,0.0,0.0,883019.6799999999,278035.1,1477564.76,743677.25,959743.1699999999,688591.3200000001,693693.25,0.0,1022121.24,0.0,0.0,0.0,0.0,0.0,134010.53,1040448.6200000001,0.0,2040845.6,0.0,0.0,0.0
170.0,0.0,0.0,0.0,0.0,0.0,0.0,0.0,0.0,0.0,0.0,0.0,0.0,0.0,0.0,0.0,0.0,0.0,0.0,0.0,0.0,0.0,0.0,0.0,0.0,0.0,0.0,0.0,0.0,0.0,0.0,0.0,0.0,0.0,0.0,0.0,0.0,0.0,0.0,0.0,0.0,0.0,0.0,0.0,0.0,0.0,0.0,0.0,0.0,0.0,243759.38,2684371.92,0.0,535426.62,425695.45999999996,3552733.2,0.0,142862940.06,1588281.1,489011.4,3545879.0599999996,0.0,5271375.95,0.0,2938273.4000000004,345232.75,683213.86,2805047.78,548539.17,623049.3400000001,2837513.7700000005,4771086.600000001,906164.1599999999,591763.53,465250.06,2130391.33,1228707.38,832327.1,5053429.180000001,245785.44,0.0,188204.45,199489.53,974245.02,394057.1,843419.1000000001,1528595.2,631974.486,663298.71,0.0,0.0,114125.81,0.0,0.0,183117.89,0.0,1838669.8539999998,91471.086,0.0,220201.26,0.0,0.0
180.0,0.0,0.0,0.0,0.0,0.0,0.0,0.0,0.0,0.0,0.0,0.0,0.0,0.0,0.0,0.0,0.0,0.0,0.0,0.0,0.0,0.0,0.0,0.0,0.0,0.0,0.0,0.0,0.0,0.0,0.0,0.0,0.0,0.0,0.0,0.0,0.0,0.0,0.0,0.0,0.0,259265.9,0.0,0.0,0.0,0.0,0.0,0.0,3214507.0,1137161.9,119587808.0,2572873.5,470731.62,0.0,1774998.06,3482462.6599999997,11751823.55,40393483.25,738191.7,736437.06,1016890.381,0.0,775849.0900000001,0.0,1260432.7,942629.9099999999,916609.0,1539683.6600000001,801730.43,868283.6,1114780.65,794000.44,741291.22,1160232.1,0.0,1127928.15,546978.19,320420.72,1183834.19,0.0,2433197.73,1080413.6,287658.56,737364.05,1001102.95,1664064.7300000002,1324809.4,771445.91,440749.33999999997,0.0,272877.755,0.0,0.0,0.0,371585.695,0.0,3123363.83,0.0,0.0,0.0,124445.56,0.0
190.0,0.0,0.0,0.0,0.0,0.0,0.0,0.0,0.0,0.0,0.0,0.0,0.0,0.0,0.0,0.0,0.0,0.0,0.0,0.0,0.0,0.0,0.0,0.0,0.0,0.0,0.0,0.0,0.0,0.0,0.0,0.0,0.0,0.0,0.0,0.0,0.0,0.0,0.0,0.0,0.0,0.0,0.0,0.0,0.0,0.0,0.0,14212068.0,0.0,0.0,0.0,0.0,0.0,0.0,897843.09,0.0,25283734.2,18693899.43,4410794.5,0.0,1421034.26,0.0,1684437.04,1912098.82,732971.06,255306.94,262257.97,854414.31,616593.9,0.0,4439849.2,0.0,274551.06,846456.02,1643401.2999999998,1274279.06,3556480.96,352442.8,0.0,214732.75,7170865.27,1326619.0,0.0,1554797.02,129604.26,1866083.034,0.0,138410.45,0.0,151005.78,568217.3,0.0,0.0,0.0,0.0,0.0,1484757.08,0.0,57970.145,0.0,112616.56,0.0
200.0,0.0,0.0,0.0,0.0,0.0,0.0,0.0,0.0,0.0,0.0,0.0,0.0,0.0,0.0,0.0,0.0,0.0,0.0,0.0,0.0,0.0,0.0,0.0,0.0,0.0,0.0,0.0,0.0,0.0,0.0,0.0,0.0,0.0,0.0,0.0,0.0,0.0,0.0,0.0,0.0,0.0,0.0,214773.354,0.0,399807.14,0.0,0.0,0.0,0.0,236222.75,0.0,0.0,268487.88,0.0,461021.22,2914058.88,567637.23,3571304.6,0.0,987015.1799999999,5375449.5,1288846.31,292865.34,0.0,0.0,5074346.34,400749.3,0.0,1405438.8,3483599.2,462827.89,5044094.5,223015.83,177069.73,0.0,2673403.25,0.0,1049251.75,0.0,433127.70999999996,649090.0,396153.546,727516.906,3394989.7750000004,307959.7,521479.16,0.0,75350.0,0.0,160573.25,114727.93,0.0,321067.69,156383.08,0.0,2493973.73,538406.3,699890.14,0.0,0.0,0.0
210.0,0.0,0.0,0.0,0.0,0.0,0.0,0.0,0.0,0.0,0.0,0.0,0.0,0.0,0.0,0.0,0.0,0.0,0.0,0.0,0.0,0.0,0.0,0.0,0.0,0.0,0.0,0.0,0.0,0.0,0.0,0.0,0.0,0.0,0.0,0.0,0.0,0.0,0.0,0.0,0.0,0.0,0.0,0.0,0.0,0.0,27127.133,0.0,858913.54,0.0,595876.7,0.0,99750.875,0.0,0.0,0.0,171091.06,4458587.5,603366.0,33566370.0,1333794.1399999997,1024251.5,160607.6,0.0,118122.305,0.0,0.0,3780082.23,0.0,309768.62,503854.37000000005,387338.05000000005,0.0,726529.25,380221.93000000005,895092.92,420904.52,0.0,1009945.27,0.0,364126.48,306794.014,0.0,664133.3,1797377.44,521533.34,692217.1340000001,118412.993,173385.661,31396.383,0.0,0.0,229503.32,0.0,0.0,414373.03,1212112.627,0.0,92440.218,0.0,0.0,0.0
220.0,0.0,0.0,0.0,0.0,0.0,0.0,0.0,0.0,0.0,0.0,0.0,0.0,0.0,0.0,0.0,0.0,0.0,0.0,0.0,0.0,0.0,0.0,0.0,0.0,0.0,0.0,0.0,0.0,0.0,0.0,0.0,0.0,0.0,0.0,0.0,0.0,0.0,0.0,0.0,0.0,0.0,0.0,0.0,107701.14,0.0,57479.684,197467.93,430605.16,0.0,547855.94,0.0,0.0,1060472.9,0.0,0.0,4191091.97,2365668.0,309480.08999999997,0.0,633033.7,2786232.8,357647.28,121523.56,417289.5,362253.4,10494064.9,407180.88,206945.95,679134.2,1118945.12,29898292.0,1175635.1400000001,365612.16,1080963.51,557714.77,0.0,584397.44,1218951.3800000001,0.0,136045.55,0.0,123710.03,666993.44,2032298.2799999998,593829.54,1056176.6700000002,93372.87,0.0,1634460.985,171321.13,0.0,62259.156,730161.2,3470956.3,2241970.408,115017.414,0.0,41576.926,0.0,0.0,0.0
230.0,0.0,0.0,0.0,0.0,0.0,0.0,0.0,0.0,0.0,0.0,0.0,0.0,0.0,0.0,0.0,0.0,0.0,0.0,0.0,0.0,0.0,0.0,0.0,0.0,0.0,0.0,0.0,0.0,0.0,0.0,0.0,0.0,0.0,0.0,0.0,0.0,0.0,0.0,0.0,0.0,0.0,0.0,0.0,0.0,0.0,0.0,0.0,0.0,0.0,0.0,0.0,155334.81,0.0,0.0,1716717.52,1158798.44,9059905.47,0.0,324384.03,2696942.3,0.0,1645517.81,2758996.7199999997,0.0,381412.11,1123615.5899999999,0.0,2044746.2000000002,161285.841,841877.5700000001,2995939.9299999997,0.0,0.0,2184171.11,0.0,555672.4,307584.7,1047363.23,145807.45,0.0,0.0,187196.6,0.0,862496.0,144515.12,0.0,149275.53,0.0,1444247.9700000002,798023.917,0.0,321109.84,0.0,825384.58,0.0,0.0,158531.27,0.0,0.0,156633.83,0.0
240.0,0.0,0.0,0.0,0.0,0.0,0.0,0.0,0.0,0.0,0.0,0.0,0.0,0.0,0.0,0.0,0.0,0.0,0.0,0.0,0.0,0.0,0.0,0.0,0.0,0.0,0.0,0.0,0.0,0.0,0.0,0.0,0.0,0.0,0.0,0.0,0.0,0.0,0.0,0.0,0.0,0.0,0.0,0.0,0.0,0.0,0.0,0.0,0.0,0.0,260894.45,0.0,0.0,1366720.9,0.0,3237626.5300000003,1613762.5,7882975.9399999995,0.0,839678.1,13835908.03,6839376.390000001,241053.1,4076810.7900000005,0.0,0.0,3597780.2399999998,160550.66,0.0,367421.8,0.0,189090.97,0.0,160913.0,144601.1,170503.03,457555.03,620848.0,0.0,0.0,174496.95,429216.74,251426.77,0.0,1227899.012,214373.50400000002,1212925.13,0.0,0.0,590271.6799999999,0.0,0.0,55118.715,0.0,45391.32,250574.56,183173.51,612420.37,32703.557,0.0,1067163.1,0.0
250.0,0.0,0.0,0.0,0.0,0.0,0.0,0.0,0.0,0.0,0.0,0.0,0.0,0.0,0.0,0.0,0.0,0.0,0.0,0.0,0.0,0.0,0.0,0.0,0.0,0.0,0.0,0.0,0.0,0.0,0.0,0.0,0.0,0.0,0.0,0.0,0.0,0.0,0.0,0.0,0.0,0.0,0.0,0.0,0.0,0.0,0.0,0.0,0.0,0.0,0.0,239885.03,0.0,0.0,0.0,0.0,975992.44,0.0,176329.3,755157.0800000001,19658938.0,1935936.87,0.0,462603.78,262179.5,0.0,5822985.43,472240.62,0.0,380030.22,403504.74,1070507.26,0.0,241074.45,300422.16,353414.7,0.0,0.0,0.0,0.0,785474.76,0.0,147565.25,251098.89,229675.62,535279.405,52363.14,133402.39,120950.02,0.0,6065429.703,93932.74,0.0,0.0,0.0,2152118.5810000002,773564.2,263369.58999999997,0.0,0.0,0.0,0.0
260.0,0.0,0.0,0.0,0.0,0.0,0.0,0.0,0.0,0.0,0.0,0.0,0.0,0.0,0.0,0.0,0.0,0.0,0.0,0.0,0.0,0.0,0.0,0.0,0.0,0.0,0.0,0.0,0.0,0.0,0.0,0.0,0.0,0.0,0.0,0.0,0.0,0.0,0.0,0.0,0.0,0.0,0.0,1591988.2,0.0,0.0,0.0,0.0,492719.56,0.0,0.0,7421000.5,0.0,197995.61,241573.53,512633.98,0.0,0.0,6097032.91,1705084.76,1216203.06,0.0,331041.75,0.0,251292.97,406963.82,1106655.08,215495.9,125944.72,318766.22,520143.62,1080876.98,199602.83,0.0,0.0,1353793.22,0.0,0.0,102533.94,295499.62,468929.22,0.0,732782.86,1579792.38,91460.37,343299.05,208576.555,164488.16,126778.18,697653.9469999999,1532006.75,533646.75,1853940.38,583323.7,183453.974,0.0,1013510.8799999999,0.0,0.0,0.0,0.0,0.0
270.0,0.0,0.0,0.0,0.0,0.0,0.0,0.0,0.0,0.0,0.0,0.0,0.0,0.0,0.0,0.0,0.0,0.0,0.0,0.0,0.0,0.0,0.0,0.0,0.0,0.0,0.0,0.0,0.0,0.0,0.0,0.0,0.0,0.0,0.0,0.0,0.0,0.0,0.0,0.0,0.0,0.0,0.0,644398.2,0.0,0.0,0.0,0.0,0.0,271013.2,539031.06,0.0,0.0,0.0,0.0,327576.97,0.0,177125.84,3896627.2,1095791.9,501176.88,1447070.1,23179353.869999997,388610.7,213175.62,0.0,1593945.74,0.0,0.0,3620799.8800000004,246762.66,321023.56,242248.2,528065.1799999999,0.0,277390.874,313522.47,124587.02,0.0,0.0,0.0,1270177.9000000001,60289.348,786007.51,612676.89,134125.12,167769.88,156904.81,0.0,36148.86,91839.78,0.0,610270.0700000001,293786.18000000005,0.0,0.0,0.0,682837.3459999999,0.0,0.0,0.0,0.0
280.0,0.0,0.0,0.0,0.0,0.0,0.0,0.0,0.0,0.0,0.0,0.0,0.0,0.0,0.0,0.0,0.0,0.0,0.0,0.0,0.0,0.0,0.0,0.0,0.0,0.0,0.0,0.0,0.0,0.0,0.0,0.0,0.0,0.0,0.0,0.0,0.0,0.0,0.0,0.0,0.0,0.0,0.0,1626509.3,0.0,890061.06,0.0,0.0,0.0,160952.11,0.0,0.0,0.0,0.0,1227671.525,0.0,921991.55,0.0,0.0,3828386.12,154387.02,0.0,5640404.359999999,3578906.6,114540.02,0.0,655358.77,0.0,0.0,635721.165,244383.215,161226.25,524716.67,415251.47,201108.55,496910.55,561113.5,559567.36,2427091.15,62202.516,0.0,1125394.624,940218.95,631216.5,0.0,0.0,511181.43000000005,0.0,81041.75,121134.73,0.0,70739.414,614364.24,539546.9,1168977.02,853567.547,316712.177,32679.684,212366.71,0.0,0.0,0.0
290.0,0.0,0.0,0.0,0.0,0.0,0.0,0.0,0.0,0.0,0.0,0.0,0.0,0.0,0.0,0.0,0.0,0.0,0.0,0.0,0.0,0.0,0.0,0.0,0.0,0.0,0.0,0.0,0.0,0.0,0.0,0.0,0.0,0.0,0.0,0.0,0.0,0.0,0.0,0.0,0.0,0.0,0.0,0.0,0.0,0.0,0.0,0.0,0.0,0.0,0.0,148714.31,377758.16,93429.33,1207836.8199999998,345123.66,510636.80999999994,3308074.0999999996,0.0,901727.665,0.0,138454.14,801220.1,195694.34,1404292.87,0.0,1229015.48,681024.424,1555664.79,280864.26999999996,383774.12,0.0,3029119.73,256162.11500000002,145785.11,860486.5640000001,157173.972,927329.8800000001,951508.536,55097.074,369839.69,812945.4900000001,162156.673,0.0,250728.32,232757.574,166262.0,0.0,0.0,32361.016,277166.744,547969.928,1281496.512,0.0,0.0,0.0,159781.89,0.0,13830.113,193682.27,0.0,0.0
300.0,0.0,0.0,0.0,0.0,0.0,0.0,0.0,0.0,0.0,0.0,0.0,0.0,0.0,0.0,0.0,0.0,0.0,0.0,0.0,0.0,0.0,0.0,0.0,0.0,0.0,0.0,0.0,0.0,0.0,0.0,0.0,0.0,0.0,0.0,0.0,0.0,0.0,0.0,0.0,0.0,0.0,0.0,0.0,0.0,0.0,0.0,0.0,68964.5,0.0,0.0,377856.28,0.0,0.0,0.0,0.0,238020.78,511406.4,0.0,86648.95,0.0,429417.89,0.0,94809.56,276232.82999999996,122177.8,85249.76,4544696.275,206979.71000000002,234099.81,77907.64,0.0,0.0,1551351.6,0.0,114832.086,0.0,407552.844,0.0,198682.1,361511.4,0.0,0.0,73089.336,179557.61,184367.391,0.0,0.0,185677.29,287747.03,35339.992,66351.07,54387.24,0.0,0.0,0.0,258741.215,0.0,0.0,0.0,0.0,0.0
310.0,0.0,0.0,0.0,0.0,0.0,0.0,0.0,0.0,0.0,0.0,0.0,0.0,0.0,0.0,0.0,0.0,0.0,0.0,0.0,0.0,0.0,0.0,0.0,0.0,0.0,0.0,0.0,0.0,0.0,0.0,0.0,0.0,0.0,0.0,0.0,0.0,0.0,0.0,0.0,0.0,0.0,0.0,0.0,0.0,0.0,0.0,88604.016,0.0,0.0,130299.586,0.0,0.0,0.0,83579.15,0.0,33869.766,594351.0800000001,141628.47,0.0,176639.62699999998,183511.32,0.0,275913.84,268642.06,0.0,383001.15,126972.47,65735.81,247334.39,0.0,86359.836,0.0,369520.97,298613.884,118445.016,0.0,176242.7,122610.266,1177057.0,103545.836,72043.484,23029.27,0.0,0.0,0.0,0.0,50400.496,725244.44,94564.69,0.0,29536.387,643296.689,138439.076,27262.86,0.0,66588.6474,0.0,0.0,0.0,0.0,0.0
320.0,0.0,0.0,0.0,0.0,0.0,0.0,0.0,0.0,0.0,0.0,0.0,0.0,0.0,0.0,0.0,0.0,0.0,0.0,0.0,0.0,0.0,0.0,0.0,0.0,0.0,0.0,0.0,0.0,0.0,0.0,0.0,0.0,0.0,0.0,0.0,0.0,0.0,0.0,0.0,0.0,0.0,0.0,0.0,0.0,0.0,0.0,0.0,0.0,40624.297,0.0,16843.547,0.0,0.0,0.0,0.0,0.0,0.0,24356.846,17130.102,0.0,0.0,38567.69,73648.266,13565.3955,0.0,152798.261,0.0,157623.752,0.0,34672.37,0.0,0.0,16089.488,43078.73,53033.156,182963.24599999998,0.0,0.0,0.0,13711.476,0.0,0.0,19089.076,12142.073,0.0,17829.398,0.0,0.0,100138.4,0.0,28730.541,23435.587,7540.5093,68944.586,0.0,8437.5154,0.0,0.0,0.0,0.0,0.0
330.0,0.0,0.0,0.0,0.0,0.0,0.0,0.0,0.0,0.0,0.0,0.0,0.0,0.0,0.0,0.0,0.0,0.0,0.0,0.0,0.0,0.0,0.0,0.0,0.0,0.0,0.0,0.0,0.0,0.0,0.0,0.0,0.0,0.0,0.0,0.0,0.0,0.0,0.0,0.0,0.0,0.0,0.0,6992.9385,0.0,0.0,0.0,0.0,0.0,0.0,8355.519,30524.367000000002,19236.607,10667.423,0.0,0.0,0.0,29596.192,26535.787,18371.137,0.0,16772.445,0.0,0.0,14661.524,9015.953,11431.264,8549.101,18196.303,0.0,0.0,0.0,0.0,11192.251,16713.072,0.0,10558.496,0.0,29185.452,0.0,0.0,0.0,0.0,0.0,8363.902,0.0,0.0,0.0,0.0,0.0,2980.726,0.0,0.0,0.0,6673.01,0.0,21819.5777,0.0,0.0,2598.9285,0.0,0.0
340.0,0.0,0.0,0.0,0.0,0.0,0.0,0.0,0.0,0.0,0.0,0.0,0.0,0.0,0.0,0.0,0.0,0.0,0.0,0.0,0.0,0.0,0.0,0.0,0.0,0.0,0.0,0.0,0.0,0.0,0.0,0.0,0.0,0.0,0.0,0.0,0.0,0.0,0.0,0.0,0.0,0.0,0.0,0.0,0.0,0.0,0.0,0.0,0.0,0.0,0.0,0.0,0.0,0.0,0.0,0.0,0.0,0.0,0.0,0.0,0.0,0.0,0.0,0.0,0.0,0.0,0.0,0.0,0.0,0.0,0.0,0.0,0.0,0.0,0.0,0.0,0.0,0.0,0.0,0.0,0.0,0.0,0.0,0.0,0.0,0.0,0.0,0.0,0.0,0.0,0.0,0.0,0.0,0.0,0.0,0.0,0.0,0.0,0.0,0.0,0.0,0.0
